1707749175791 0.0006587301587301587 0
1707749183359 0.0013122753968253969 1
1707749189251 0.001952620634920635 2
1707749196190 0.0019406 3
1707749202624 0.0019406 4
1707749208732 0.0019207999999999999 5
1707749214887 0.0019010000000000001 6
1707749221088 0.0018812 7
1707749227461 0.0018614 8
1707749233350 0.0018416 9
1707749239421 0.0018218000000000002 10
1707749245750 0.001802 11
1707749251966 0.0017822 12
1707749258445 0.0017624 13
1707749264453 0.0017426 14
1707749270165 0.0017228 15
1707749276526 0.001703 16
1707749282482 0.0016832000000000001 17
1707749288947 0.0016634 18
1707749295715 0.0016436000000000003 19
1707749302123 0.0016238000000000001 20
1707749308634 0.0016040000000000002 21
1707749314187 0.0015842 22
1707749320609 0.0015644 23
1707749326488 0.0015446 24
1707749332653 0.0015248 25
1707749338798 0.0015049999999999998 26
1707749345238 0.0014852 27
1707749351463 0.0014654000000000002 28
1707749357845 0.0014456 29
1707749364653 0.0014258 30
1707749370952 0.001406 31
1707749377392 0.0013862 32
1707749383838 0.0013663999999999998 33
1707749390151 0.0013465999999999999 34
1707749396744 0.0013267999999999997 35
1707749403287 0.001307 36
1707749409831 0.0012872 37
1707749415947 0.0012674000000000001 38
1707749422081 0.0012476 39
1707749428037 0.0012278 40
1707749434683 0.001208 41
1707749441389 0.0011882000000000002 42
1707749447708 0.0011684000000000002 43
1707749453790 0.0011486 44
1707749460576 0.0011288000000000001 45
1707749466801 0.001109 46
1707749472884 0.0010892000000000002 47
1707749478616 0.0010694 48
1707749484951 0.0010496000000000001 49
1707749491343 0.0010298 50
1707749498116 0.00101 51
1707749504447 0.0009901999999999999 52
1707749510940 0.0009704 53
1707749517195 0.0009506 54
1707749524078 0.0009308 55
