1707751397167 3.57765 0
1707751404282 3.80152 1
1707751410923 4.08869 2
1707751417064 3.92901 3
1707751423967 4.11246 4
1707751430543 4.49366 5
1707751436509 4.33421 6
1707751442599 3.97713 7
1707751449239 4.00754 8
1707751455911 3.85054 9
1707751462301 3.8611 10
1707751468431 3.91904 11
1707751475766 3.90592 12
1707751482306 3.8654 13
1707751488551 3.69745 14
1707751495081 3.6573 15
1707751501157 3.7061 16
1707751507411 3.84251 17
1707751513683 3.72691 18
1707751520363 3.66602 19
1707751526448 3.67109 20
1707751533193 3.70116 21
1707751540010 3.59516 22
1707751546582 3.72205 23
1707751552869 3.60578 24
1707751559255 3.69815 25
1707751565659 3.43696 26
1707751571725 3.41262 27
1707751577550 3.28659 28
1707751584124 3.30133 29
1707751590079 3.47226 30
1707751596251 3.468 31
1707751602686 3.43394 32
1707751609119 3.25412 33
1707751615409 3.30785 34
1707751621483 3.40398 35
1707751628030 3.41759 36
1707751634717 3.45462 37
1707751640968 3.18174 38
1707751646642 3.28796 39
1707751652842 3.32738 40
1707751659029 3.38764 41
1707751665543 3.33982 42
1707751671699 3.22945 43
1707751678080 3.28509 44
1707751684506 3.32744 45
1707751690661 3.21894 46
1707751696668 3.25495 47
1707751703043 3.21769 48
1707751709561 3.29239 49
1707751716026 3.33973 50
1707751722383 3.27049 51
1707751728680 3.05649 52
1707751735007 3.19763 53
1707751740985 3.25836 54
1707751746895 3.09654 55
