1707751397167 10.80793 0
1707751404282 9.01323 1
1707751410923 7.26639 2
1707751417064 7.28293 3
1707751423967 6.27351 4
1707751430543 5.88555 5
1707751436509 5.5006 6
1707751442599 5.20716 7
1707751449239 5.21486 8
1707751455911 5.01615 9
1707751462301 4.78864 10
1707751468431 4.76058 11
1707751475766 4.67656 12
1707751482306 4.22417 13
1707751488551 4.34378 14
1707751495081 4.38911 15
1707751501157 4.14166 16
1707751507411 4.16769 17
1707751513683 3.98347 18
1707751520363 3.98153 19
1707751526448 3.76728 20
1707751533193 3.83286 21
1707751540010 3.81044 22
1707751546582 3.73637 23
1707751552869 3.68126 24
1707751559255 3.79724 25
1707751565659 3.57917 26
1707751571725 3.50205 27
1707751577550 3.31401 28
1707751584124 3.54364 29
1707751590079 3.4303 30
1707751596251 3.49061 31
1707751602686 3.4124 32
1707751609119 3.26579 33
1707751615409 3.3394 34
1707751621483 3.30345 35
1707751628030 3.24511 36
1707751634717 3.41112 37
1707751640968 3.25873 38
1707751646642 3.24165 39
1707751652842 3.35385 40
1707751659029 3.21823 41
1707751665543 3.12773 42
1707751671699 3.14079 43
1707751678080 3.26252 44
1707751684506 3.20865 45
1707751690661 3.24768 46
1707751696668 3.24799 47
1707751703043 3.19901 48
1707751709561 3.22649 49
1707751716026 3.24441 50
1707751722383 3.16741 51
1707751728680 3.22069 52
1707751735007 3.0675 53
1707751740985 3.09957 54
1707751746895 3.13722 55
