1707751397167 3.08302 0
1707751404282 3.2348 1
1707751410923 3.51211 2
1707751417064 3.00385 3
1707751423967 2.89071 4
1707751430543 2.91661 5
1707751436509 2.8888 6
1707751442599 2.57645 7
1707751449239 2.61279 8
1707751455911 2.60505 9
1707751462301 2.53969 10
1707751468431 2.48876 11
1707751475766 2.51864 12
1707751482306 2.44655 13
1707751488551 2.50442 14
1707751495081 2.14738 15
1707751501157 2.5638 16
1707751507411 2.44461 17
1707751513683 2.52483 18
1707751520363 2.21689 19
1707751526448 2.31738 20
1707751533193 2.33368 21
1707751540010 2.36093 22
1707751546582 2.29234 23
1707751552869 2.20868 24
1707751559255 2.36912 25
1707751565659 2.19981 26
1707751571725 2.22362 27
1707751577550 2.13125 28
1707751584124 2.11196 29
1707751590079 2.14766 30
1707751596251 2.03785 31
1707751602686 2.05038 32
1707751609119 1.93564 33
1707751615409 2.07291 34
1707751621483 2.14442 35
1707751628030 2.25055 36
1707751634717 2.14765 37
1707751640968 2.06019 38
1707751646642 2.02259 39
1707751652842 2.02959 40
1707751659029 2.08414 41
1707751665543 2.02233 42
1707751671699 1.99727 43
1707751678080 2.05117 44
1707751684506 2.05235 45
1707751690661 2.06669 46
1707751696668 2.04055 47
1707751703043 1.94997 48
1707751709561 2.07392 49
1707751716026 2.06549 50
1707751722383 2.05238 51
1707751728680 1.91084 52
1707751735007 1.97193 53
1707751740985 1.90322 54
1707751746895 1.84088 55
