1707749175791 3.55741 0
1707749183359 3.8002 1
1707749189251 4.14992 2
1707749196190 4.0795 3
1707749202624 4.14465 4
1707749208732 4.47489 5
1707749214887 4.1923 6
1707749221088 4.0495 7
1707749227461 3.96421 8
1707749233350 3.95986 9
1707749239421 3.8833 10
1707749245750 3.90186 11
1707749251966 3.98805 12
1707749258445 3.93463 13
1707749264453 3.72234 14
1707749270165 3.68389 15
1707749276526 3.74474 16
1707749282482 3.78389 17
1707749288947 3.88735 18
1707749295715 3.69371 19
1707749302123 3.80708 20
1707749308634 3.75732 21
1707749314187 3.73798 22
1707749320609 3.77424 23
1707749326488 3.76743 24
1707749332653 3.77508 25
1707749338798 3.48932 26
1707749345238 3.5936 27
1707749351463 3.47869 28
1707749357845 3.44647 29
1707749364653 3.62073 30
1707749370952 3.62111 31
1707749377392 3.4966 32
1707749383838 3.40606 33
1707749390151 3.44664 34
1707749396744 3.5193 35
1707749403287 3.49831 36
1707749409831 3.51519 37
1707749415947 3.22003 38
1707749422081 3.30924 39
1707749428037 3.36494 40
1707749434683 3.40708 41
1707749441389 3.40905 42
1707749447708 3.32381 43
1707749453790 3.25152 44
1707749460576 3.4214 45
1707749466801 3.29056 46
1707749472884 3.23144 47
1707749478616 3.20697 48
1707749484951 3.33909 49
1707749491343 3.29745 50
1707749498116 3.28669 51
1707749504447 3.08663 52
1707749510940 3.18467 53
1707749517195 3.32585 54
1707749524078 3.16875 55
