1707749175791 10.80932 0
1707749183359 8.80664 1
1707749189251 7.10963 2
1707749196190 7.14477 3
1707749202624 6.15504 4
1707749208732 5.73679 5
1707749214887 5.54096 6
1707749221088 5.38677 7
1707749227461 5.03777 8
1707749233350 5.11205 9
1707749239421 4.88123 10
1707749245750 4.76513 11
1707749251966 4.7563 12
1707749258445 4.40144 13
1707749264453 4.41567 14
1707749270165 4.51293 15
1707749276526 4.2704 16
1707749282482 4.18049 17
1707749288947 4.08006 18
1707749295715 4.09012 19
1707749302123 3.92903 20
1707749308634 3.97489 21
1707749314187 3.90337 22
1707749320609 3.90027 23
1707749326488 3.89913 24
1707749332653 3.97971 25
1707749338798 3.83675 26
1707749345238 3.74408 27
1707749351463 3.57897 28
1707749357845 3.6583 29
1707749364653 3.64727 30
1707749370952 3.70137 31
1707749377392 3.64848 32
1707749383838 3.52915 33
1707749390151 3.62956 34
1707749396744 3.51114 35
1707749403287 3.5682 36
1707749409831 3.55344 37
1707749415947 3.3991 38
1707749422081 3.32131 39
1707749428037 3.37737 40
1707749434683 3.3663 41
1707749441389 3.21443 42
1707749447708 3.25661 43
1707749453790 3.19464 44
1707749460576 3.28388 45
1707749466801 3.29546 46
1707749472884 3.31166 47
1707749478616 3.32153 48
1707749484951 3.34301 49
1707749491343 3.30366 50
1707749498116 3.33001 51
1707749504447 3.36711 52
1707749510940 3.29629 53
1707749517195 3.4095 54
1707749524078 3.23796 55
