1707749175791 3.07255 0
1707749183359 3.18201 1
1707749189251 3.45525 2
1707749196190 2.93603 3
1707749202624 2.80989 4
1707749208732 2.83359 5
1707749214887 2.86027 6
1707749221088 2.58064 7
1707749227461 2.58956 8
1707749233350 2.62268 9
1707749239421 2.48159 10
1707749245750 2.41948 11
1707749251966 2.53352 12
1707749258445 2.49403 13
1707749264453 2.43281 14
1707749270165 2.1123 15
1707749276526 2.5195 16
1707749282482 2.44418 17
1707749288947 2.59823 18
1707749295715 2.26921 19
1707749302123 2.34695 20
1707749308634 2.30353 21
1707749314187 2.33075 22
1707749320609 2.32377 23
1707749326488 2.2346 24
1707749332653 2.364 25
1707749338798 2.13869 26
1707749345238 2.2611 27
1707749351463 2.13773 28
1707749357845 2.14234 29
1707749364653 2.19167 30
1707749370952 2.1175 31
1707749377392 2.10667 32
1707749383838 2.00921 33
1707749390151 2.20343 34
1707749396744 2.19069 35
1707749403287 2.26063 36
1707749409831 2.15646 37
1707749415947 2.09214 38
1707749422081 2.02286 39
1707749428037 2.05427 40
1707749434683 2.09098 41
1707749441389 2.02431 42
1707749447708 2.03843 43
1707749453790 2.00477 44
1707749460576 2.00477 45
1707749466801 2.07173 46
1707749472884 2.0168 47
1707749478616 1.935 48
1707749484951 2.02715 49
1707749491343 2.04817 50
1707749498116 2.02171 51
1707749504447 1.92192 52
1707749510940 1.92256 53
1707749517195 1.97362 54
1707749524078 1.90556 55
