1707749176872 0.0 0
1707749183954 0.0 1
1707749190134 0.0004 2
1707749196811 0.00094 3
1707749203113 0.00052 4
1707749209078 0.00075 5
1707749215508 0.00207 6
1707749221774 0.00398 7
1707749227849 0.0041 8
1707749233689 0.00246 9
1707749239946 0.00311 10
1707749246312 0.00145 11
1707749252322 0.00458 12
1707749259155 0.00631 13
1707749264818 0.00556 14
1707749270640 0.00371 15
1707749276918 0.00355 16
1707749283145 0.00695 17
1707749289560 0.00932 18
1707749296448 0.02648 19
1707749302703 0.02789 20
1707749309009 0.0079 21
1707749314634 0.00798 22
1707749321076 0.01678 23
1707749327116 0.02396 24
1707749333305 0.03323 25
1707749339445 0.03215 26
1707749345900 0.05145 27
1707749351849 0.05515 28
1707749358530 0.06308 29
1707749365299 0.10914 30
1707749371573 0.14929 31
1707749377760 0.11177 32
1707749384236 0.10485 33
1707749390961 0.13253 34
1707749397370 0.1065 35
1707749403970 0.10961 36
1707749410339 0.09812 37
1707749416329 0.12499 38
1707749422415 0.1409 39
1707749428695 0.1344 40
1707749435612 0.16093 41
1707749442054 0.16175 42
1707749448395 0.17823 43
1707749454463 0.19901 44
1707749461208 0.19887 45
1707749467196 0.13661 46
1707749473314 0.19605 47
1707749479178 0.19023 48
1707749485410 0.22346 49
1707749491820 0.19669 50
1707749498594 0.1215 51
1707749504841 0.10335 52
1707749511402 0.12286 53
1707749517626 0.12068 54
1707749524554 0.14098 55
1707749528365 0.1991358676012684 55
