1707749176872 0.0 0
1707749183954 0.0 1
1707749190134 8e-05 2
1707749196811 0.00041 3
1707749203113 5e-05 4
1707749209078 0.00037 5
1707749215508 0.00049 6
1707749221774 0.00131 7
1707749227849 0.00074 8
1707749233689 0.00054 9
1707749239946 0.0009 10
1707749246312 0.00065 11
1707749252322 0.0007 12
1707749259155 0.0015 13
1707749264818 0.00144 14
1707749270640 0.00109 15
1707749276918 0.0006 16
1707749283145 0.00237 17
1707749289560 0.00374 18
1707749296448 0.0047 19
1707749302703 0.00688 20
1707749309009 0.00377 21
1707749314634 0.00318 22
1707749321076 0.0045 23
1707749327116 0.00796 24
1707749333305 0.0081 25
1707749339445 0.00915 26
1707749345900 0.01692 27
1707749351849 0.01574 28
1707749358530 0.0207 29
1707749365299 0.02487 30
1707749371573 0.03664 31
1707749377760 0.03975 32
1707749384236 0.02513 33
1707749390961 0.0391 34
1707749397370 0.04371 35
1707749403970 0.05301 36
1707749410339 0.02948 37
1707749416329 0.03853 38
1707749422415 0.04058 39
1707749428695 0.052 40
1707749435612 0.05953 41
1707749442054 0.06236 42
1707749448395 0.0895 43
1707749454463 0.10051 44
1707749461208 0.10279 45
1707749467196 0.0729 46
1707749473314 0.08355 47
1707749479178 0.0731 48
1707749485410 0.08152 49
1707749491820 0.09622 50
1707749498594 0.06094 51
1707749504841 0.04592 52
1707749511402 0.04876 53
1707749517626 0.04486 54
1707749524554 0.05262 55
1707749528365 0.10271534332300583 55
