1707749176872 0.0 0
1707749183954 0.0 1
1707749190134 0.00076 2
1707749196811 0.00133 3
1707749203113 0.00067 4
1707749209078 0.00067 5
1707749215508 0.00267 6
1707749221774 0.002 7
1707749227849 0.00267 8
1707749233689 0.00333 9
1707749239946 0.00267 10
1707749246312 0.00133 11
1707749252322 0.01587 12
1707749259155 0.00533 13
1707749264818 0.00467 14
1707749270640 0.004 15
1707749276918 0.00333 16
1707749283145 0.006 17
1707749289560 0.006 18
1707749296448 0.006 19
1707749302703 0.00665 20
1707749309009 0.004 21
1707749314634 0.00467 22
1707749321076 0.00667 23
1707749327116 0.00733 24
1707749333305 0.01572 25
1707749339445 0.008 26
1707749345900 0.00917 27
1707749351849 0.00911 28
1707749358530 0.00867 29
1707749365299 0.00867 30
1707749371573 0.04954 31
1707749377760 0.31471 32
1707749384236 0.15101 33
1707749390961 0.25366 34
1707749397370 0.23591 35
1707749403970 0.21517 36
1707749410339 0.31087 37
1707749416329 0.0115 38
1707749422415 0.11617 39
1707749428695 0.28064 40
1707749435612 0.38479 41
1707749442054 0.38726 42
1707749448395 0.38461 43
1707749454463 0.51796 44
1707749461208 0.55199 45
1707749467196 0.37041 46
1707749473314 0.4364 47
1707749479178 0.75118 48
1707749485410 0.47674 49
1707749491820 0.65447 50
1707749498594 0.14451 51
1707749504841 0.01195 52
1707749511402 0.00846 53
1707749517626 0.02626 54
1707749524554 0.01956 55
1707749528365 0.5519866671182461 55
