1707749176872 0.0 0
1707749183954 0.0 1
1707749190134 0.04167 2
1707749196811 0.08333 3
1707749203113 0.04167 4
1707749209078 0.04167 5
1707749215508 0.16667 6
1707749221774 0.125 7
1707749227849 0.16667 8
1707749233689 0.20833 9
1707749239946 0.16667 10
1707749246312 0.08333 11
1707749252322 0.04167 12
1707749259155 0.33333 13
1707749264818 0.29167 14
1707749270640 0.25 15
1707749276918 0.20833 16
1707749283145 0.375 17
1707749289560 0.375 18
1707749296448 0.375 19
1707749302703 0.375 20
1707749309009 0.25 21
1707749314634 0.29167 22
1707749321076 0.41667 23
1707749327116 0.45833 24
1707749333305 0.45833 25
1707749339445 0.5 26
1707749345900 0.5 27
1707749351849 0.54167 28
1707749358530 0.54167 29
1707749365299 0.54167 30
1707749371573 0.375 31
1707749377760 0.08333 32
1707749384236 0.08333 33
1707749390961 0.08333 34
1707749397370 0.16667 35
1707749403970 0.125 36
1707749410339 0.08333 37
1707749416329 0.54167 38
1707749422415 0.16667 39
1707749428695 0.08333 40
1707749435612 0.125 41
1707749442054 0.16667 42
1707749448395 0.125 43
1707749454463 0.13548 44
1707749461208 0.16667 45
1707749467196 0.16667 46
1707749473314 0.16667 47
1707749479178 0.16667 48
1707749485410 0.16667 49
1707749491820 0.15904 50
1707749498594 0.20833 51
1707749504841 0.5 52
1707749511402 0.5 53
1707749517626 0.45833 54
1707749524554 0.625 55
1707749528365 0.16666666666666666 55
