1707751397167 0.0006587301587301587 0
1707751404282 0.0013240846825396827 1
1707751410923 0.0019881192063492064 2
1707751417064 0.00199406 3
1707751423967 0.00199406 4
1707751430543 0.0019920800000000002 5
1707751436509 0.0019901 6
1707751442599 0.00198812 7
1707751449239 0.00198614 8
1707751455911 0.00198416 9
1707751462301 0.00198218 10
1707751468431 0.0019802 11
1707751475766 0.00197822 12
1707751482306 0.00197624 13
1707751488551 0.00197426 14
1707751495081 0.00197228 15
1707751501157 0.0019703 16
1707751507411 0.00196832 17
1707751513683 0.00196634 18
1707751520363 0.00196436 19
1707751526448 0.00196238 20
1707751533193 0.0019604 21
1707751540010 0.00195842 22
1707751546582 0.00195644 23
1707751552869 0.00195446 24
1707751559255 0.00195248 25
1707751565659 0.0019505 26
1707751571725 0.00194852 27
1707751577550 0.00194654 28
1707751584124 0.00194456 29
1707751590079 0.00194258 30
1707751596251 0.0019406 31
1707751602686 0.00193862 32
1707751609119 0.0019366399999999999 33
1707751615409 0.0019346600000000002 34
1707751621483 0.00193268 35
1707751628030 0.0019306999999999998 36
1707751634717 0.00192872 37
1707751640968 0.00192674 38
1707751646642 0.00192476 39
1707751652842 0.00192278 40
1707751659029 0.0019207999999999999 41
1707751665543 0.0019188200000000001 42
1707751671699 0.00191684 43
1707751678080 0.00191486 44
1707751684506 0.00191288 45
1707751690661 0.0019108999999999999 46
1707751696668 0.00190892 47
1707751703043 0.00190694 48
1707751709561 0.00190496 49
1707751716026 0.0019029799999999999 50
1707751722383 0.0019010000000000001 51
1707751728680 0.00189902 52
1707751735007 0.0018970399999999998 53
1707751740985 0.00189506 54
1707751746895 0.00189308 55
