1707751398292 0.0 0
1707751404934 0.0 1
1707751411565 0.0 2
1707751418161 0.00022 3
1707751424760 0.00032 4
1707751430974 0.00014 5
1707751436948 0.00011 6
1707751443216 0.00034 7
1707751449785 0.00034 8
1707751456550 0.00049 9
1707751462741 0.00044 10
1707751469366 0.0007 11
1707751476367 0.00144 12
1707751482954 0.00817 13
1707751489045 0.00184 14
1707751495552 0.00209 15
1707751501597 0.0019 16
1707751507806 0.00266 17
1707751514263 0.00981 18
1707751520811 0.00579 19
1707751527114 0.01407 20
1707751533838 0.03368 21
1707751540693 0.05826 22
1707751547169 0.06264 23
1707751553479 0.06112 24
1707751559915 0.04568 25
1707751566057 0.05085 26
1707751572212 0.04015 27
1707751578044 0.05406 28
1707751584531 0.0549 29
1707751590494 0.05387 30
1707751596704 0.0542 31
1707751603090 0.059 32
1707751609741 0.06023 33
1707751616255 0.06666 34
1707751622144 0.086 35
1707751628761 0.08823 36
1707751635086 0.06065 37
1707751641374 0.01747 38
1707751647047 0.03317 39
1707751653206 0.04817 40
1707751659637 0.07154 41
1707751666122 0.09825 42
1707751672126 0.08035 43
1707751678753 0.09624 44
1707751685004 0.11365 45
1707751691014 0.10369 46
1707751697158 0.07666 47
1707751703553 0.10425 48
1707751710246 0.04732 49
1707751716520 0.03409 50
1707751722798 0.09923 51
1707751729112 0.07105 52
1707751735435 0.10298 53
1707751741390 0.05275 54
1707751747414 0.07621 55
1707751751235 0.11365030148598046 55
