1707751398292 0.0 0
1707751404934 0.0 1
1707751411565 0.0 2
1707751418161 0.00073 3
1707751424760 0.00092 4
1707751430974 0.001 5
1707751436948 0.00039 6
1707751443216 0.00114 7
1707751449785 0.00114 8
1707751456550 0.00082 9
1707751462741 0.0009 10
1707751469366 0.00308 11
1707751476367 0.00631 12
1707751482954 0.0628 13
1707751489045 0.01465 14
1707751495552 0.00943 15
1707751501597 0.00702 16
1707751507806 0.00853 17
1707751514263 0.01899 18
1707751520811 0.01892 19
1707751527114 0.04654 20
1707751533838 0.13707 21
1707751540693 0.14193 22
1707751547169 0.14852 23
1707751553479 0.16455 24
1707751559915 0.13629 25
1707751566057 0.13503 26
1707751572212 0.12043 27
1707751578044 0.13098 28
1707751584531 0.12421 29
1707751590494 0.14876 30
1707751596704 0.15736 31
1707751603090 0.14698 32
1707751609741 0.18337 33
1707751616255 0.19842 34
1707751622144 0.21996 35
1707751628761 0.23113 36
1707751635086 0.21246 37
1707751641374 0.04894 38
1707751647047 0.09763 39
1707751653206 0.13012 40
1707751659637 0.24338 41
1707751666122 0.2356 42
1707751672126 0.21834 43
1707751678753 0.2697 44
1707751685004 0.25827 45
1707751691014 0.19847 46
1707751697158 0.20754 47
1707751703553 0.22916 48
1707751710246 0.18785 49
1707751716520 0.14227 50
1707751722798 0.21243 51
1707751729112 0.15751 52
1707751735435 0.22748 53
1707751741390 0.14192 54
1707751747414 0.20472 55
1707751751235 0.2582774940773423 55
