1707751398292 0.0 0
1707751404934 0.0 1
1707751411565 0.0 2
1707751418161 0.00133 3
1707751424760 0.00133 4
1707751430974 0.00133 5
1707751436948 0.00067 6
1707751443216 0.00067 7
1707751449785 0.00067 8
1707751456550 0.00135 9
1707751462741 0.0014 10
1707751469366 0.00333 11
1707751476367 0.00533 12
1707751482954 0.00533 13
1707751489045 0.00533 14
1707751495552 0.00667 15
1707751501597 0.00483 16
1707751507806 0.00533 17
1707751514263 0.00467 18
1707751520811 0.006 19
1707751527114 0.008 20
1707751533838 0.008 21
1707751540693 0.5889 22
1707751547169 0.55997 23
1707751553479 0.38254 24
1707751559915 0.39829 25
1707751566057 0.18844 26
1707751572212 0.28118 27
1707751578044 0.27799 28
1707751584531 0.30912 29
1707751590494 0.5125 30
1707751596704 0.29609 31
1707751603090 0.05742 32
1707751609741 0.03226 33
1707751616255 0.16375 34
1707751622144 0.28753 35
1707751628761 0.45883 36
1707751635086 0.33055 37
1707751641374 0.07739 38
1707751647047 0.01669 39
1707751653206 0.09917 40
1707751659637 0.41072 41
1707751666122 0.36079 42
1707751672126 0.38545 43
1707751678753 0.3845 44
1707751685004 0.04853 45
1707751691014 0.01687 46
1707751697158 0.0936 47
1707751703553 0.37097 48
1707751710246 0.28258 49
1707751716520 0.3148 50
1707751722798 0.39898 51
1707751729112 0.33476 52
1707751735435 0.43546 53
1707751741390 0.27811 54
1707751747414 0.29144 55
1707751751235 0.04855750356599253 55
