1707751398292 0.0 0
1707751404934 0.0 1
1707751411565 0.0 2
1707751418161 0.08333 3
1707751424760 0.08333 4
1707751430974 0.08333 5
1707751436948 0.04167 6
1707751443216 0.04167 7
1707751449785 0.04167 8
1707751456550 0.08333 9
1707751462741 0.08333 10
1707751469366 0.20833 11
1707751476367 0.33333 12
1707751482954 0.33333 13
1707751489045 0.33333 14
1707751495552 0.41667 15
1707751501597 0.29167 16
1707751507806 0.33333 17
1707751514263 0.29167 18
1707751520811 0.375 19
1707751527114 0.5 20
1707751533838 0.5 21
1707751540693 0.125 22
1707751547169 0.125 23
1707751553479 0.16667 24
1707751559915 0.16667 25
1707751566057 0.16667 26
1707751572212 0.16667 27
1707751578044 0.125 28
1707751584531 0.13097 29
1707751590494 0.125 30
1707751596704 0.16667 31
1707751603090 0.20833 32
1707751609741 0.45833 33
1707751616255 0.20833 34
1707751622144 0.25 35
1707751628761 0.20833 36
1707751635086 0.20833 37
1707751641374 0.29167 38
1707751647047 0.625 39
1707751653206 0.45833 40
1707751659637 0.25 41
1707751666122 0.25 42
1707751672126 0.20833 43
1707751678753 0.25 44
1707751685004 0.5 45
1707751691014 0.625 46
1707751697158 0.29167 47
1707751703553 0.20833 48
1707751710246 0.20833 49
1707751716520 0.20833 50
1707751722798 0.20833 51
1707751729112 0.25 52
1707751735435 0.25 53
1707751741390 0.125 54
1707751747414 0.25 55
1707751751235 0.5 55
